100
10.502 13.597 
16.863 16.202 
10.065 17.588 
14.277 14.116 
16.892 16.907 
17.494 11.126 
10.684 19.826 
11.032 19.497 
19.18 11.038 
19.848 18.311 
13.204 18.16 
14.548 13.278 
17.559 16.099 
18.519 13.172 
12.231 19.472 
13.088 12.733 
13.07 16.303 
18.935 13.135 
13.891 13.212 
13.603 10.783 
10.12 11.097 
18.262 17.156 
17.275 19.294 
13.006 16.456 
10.333 12.854 
14.767 13.537 
11.015 15.667 
13.167 14.926 
18.119 18.038 
18.098 10.35 
17.511 17.538 
19.435 16.933 
13.841 14.723 
16.42 14.085 
17.935 10.023 
11.22 14.407 
17.472 19.482 
17.916 14.747 
15.129 10.922 
17.555 11.814 
13.776 18.674 
11.703 11.143 
10.694 14.87 
12.421 18.813 
19.26 16.872 
19.163 16.771 
10.762 14.95 
10.056 10.956 
19.673 16.476 
15.041 13.961 
12.851 16.261 
18.368 10.323 
15.744 12.636 
11.423 10.873 
13.558 15.33 
19.039 13.687 
10.357 10.742 
11.182 11.051 
15.612 13.604 
19.864 11.224 
16.828 15.379 
17.996 17.59 
10.329 14.404 
18.546 10.003 
10.881 19.939 
13.964 10.084 
16.201 18.684 
10.408 18.297 
11.321 18.183 
5.522 14.879 
19.865 14.561 
14.918 10.222 
15.303 16.101 
11.273 17.267 
16.057 11.137 
18.491 12.885 
16.516 12.839 
16.827 16.846 
13.596 15.374 
13.201 14.477 
15.313 17.165 
10.913 17.866 
15.849 17.673 
16.163 13.522 
15.856 18.037 
14.754 15.722 
12.598 19.672 
15.944 14.253 
12.125 13.57 
11.52 18.182 
14.707 16.364 
11.067 17.576 
15.555 17.895 
10.774 19.151 
19.621 13.975 
19.98 11.286 
17.492 10.894 
15.505 19.693 
18.567 18.02 
13.216 10.776 
0